%YAML:1.0
---
manual_homography_matrix: !!opencv-matrix
   rows: 3
   cols: 3
   dt: d
   data: [ 2.3450933208741159e-04, -1.3401802998352455e-03,
       2.3195888869471826e-01, 1.8420898305589395e-05,
       -2.2096384861541312e-03, 9.7272195008481277e-01,
       -3.7753333573602401e-09, -1.6631884018828963e-06,
       5.8979361840065666e-04 ]
homography_matrix: !!opencv-matrix
   rows: 3
   cols: 3
   dt: d
   data: [ 3.9761252880979830e-01, -2.2722868780287464e+00,
       3.9328823075895616e+02, 3.1232786742495695e-02,
       -3.7464604858743491e+00, 1.6492581807246806e+03,
       -6.4011092008711038e-06, -2.8199498095543194e-03, 1. ]
