%YAML:1.0
---
manual_homography_matrix: !!opencv-matrix
   rows: 3
   cols: 3
   dt: d
   data: [ -2.0906017720981427e-04, 2.7281296342998957e-03,
       -7.1857085256258768e-01, 3.0792645094883533e-04,
       1.9846685013584688e-03, -6.9544390089139030e-01,
       2.5310668935503622e-07, 3.2971180879291619e-06,
       -1.4800082054754683e-03 ]
homography_matrix: !!opencv-matrix
   rows: 3
   cols: 3
   dt: d
   data: [ 1.4125609333560193e-01, -1.8433206141767879e+00,
       4.8551815449505733e+02, -2.0805725928532812e-01,
       -1.3409847959062060e+00, 4.6989192243385475e+02,
       -1.7101708518422378e-04, -2.2277701405620460e-03, 1. ]
