%YAML:1.0
---
CameraMatrixData: { mtx:!!opencv-matrix
    rows: 3
    cols: 3
    dt: d
    data: [ 7.9660744293551397e+02, 0., 1.0020705754823185e+03, 0.,
        7.9397051559533224e+02, 4.2569649046211168e+02, 0., 0., 1. ],
    dist:!!opencv-matrix
    rows: 1
    cols: 5
    dt: d
    data: [ -1.5387400091320957e-01, 2.3631870386504172e-02,
        6.2071171340602631e-05, 1.9669460010532161e-04,
        -1.6671413158499554e-03 ], rvecs:!!opencv-matrix
    rows: 30
    cols: 3
    dt: d
    data: [ -8.6391783469106587e-02, 1.4388002307496642e-01,
        -1.5131358360239568e+00, 3.7082553032171667e-01,
        4.9412683740758440e-01, -1.4546530195323610e+00,
        8.2680247565926979e-01, 2.2895476389406359e-03,
        -1.4867753931057424e+00, 8.5435102462539311e-02,
        -2.9394711397036716e-01, -1.5634741421099210e+00,
        1.3633676768047467e-01, -3.3009962706691059e-01,
        -1.5756510044231729e+00, 4.3657433717917060e-01,
        -2.4602520021405880e-01, -1.5081711006084202e+00,
        -2.0035338273874204e-01, 3.9912599834114609e-01,
        -1.5768043434528713e+00, 4.9073143547350101e-01,
        -3.5617537814067074e-01, -1.5526758505619893e+00,
        2.2862819960755923e-01, 2.2467223290681473e-02,
        -1.5194930981550692e+00, 5.2419045772020101e-01,
        3.9656489278022083e-01, -1.4683401530820983e+00,
        -1.2691273666450556e-01, 1.7093122747061734e-01,
        -1.5305611383110016e+00, -4.2268696953653828e-01,
        4.3309804226269133e-01, -1.5098642864736489e+00,
        1.5328130377296836e-01, -1.5944928212446938e-01,
        -1.5657546580742765e+00, 5.3722197435650154e-01,
        2.1044570576612079e-01, -1.4541708923013297e+00,
        1.2892957111175662e-01, -1.4084078386738693e-02,
        -1.5345605975222607e+00, 1.2429367952113166e-01,
        -1.8650092551174835e-01, -1.6051769753991547e+00,
        1.6461977254553889e-01, 2.5237949443219877e-02,
        -1.5207758435786378e+00, -1.6928747904643957e-01,
        4.3345374448205937e-01, -1.5817308676356179e+00,
        2.1930271747610974e-01, 7.1725634831742824e-01,
        -1.4898989611228841e+00, 8.9227619351011561e-02,
        3.9165220710315529e-02, -1.4984451535098169e+00,
        -4.8662356075250635e-01, -5.8532233455284244e-01,
        -1.3931618679386610e+00, -3.8598354561496945e-01,
        -4.2175932501513086e-01, -1.3074855340399583e+00,
        -1.0725493965390855e-01, -7.6215105049215581e-01,
        -1.4439197861725201e+00, -3.2365037431179106e-01,
        3.9102736612992217e-01, -1.4202004155294645e+00,
        -1.0991521715264328e-01, 2.5069965402739697e-01,
        -1.5242174196748057e+00, 7.5229393228291852e-01,
        -4.7794284355970756e-01, -1.4767167816543025e+00,
        -8.4671943219013460e-02, -1.2656719603656003e-01,
        -1.3963935963688783e+00, -4.7573349049453789e-01,
        -7.7222015237636263e-02, -1.4099317972291550e+00,
        -5.6904735081436641e-01, 1.4364404739071238e-01,
        -1.4792392917754054e+00, 3.1563805522663657e-01,
        -4.1808004311083219e-01, -1.6643922286626109e+00 ],
    tvecs:!!opencv-matrix
    rows: 30
    cols: 3
    dt: d
    data: [ 1.0990640869107344e+00, 5.3501148924410185e+00,
        8.0241596110412310e+00, -1.5299694860848232e+00,
        2.5104873030684822e+00, 7.9905562213864609e+00,
        -1.6518044293505323e+00, 4.2620757406961189e+00,
        8.1818101338155618e+00, -1.0009993015712382e+01,
        3.5514431543000224e+00, 6.1531064913085780e+00,
        -9.4068168246295603e+00, 5.1945648686895050e+00,
        5.9262041631138640e+00, 9.7651398102680376e-01,
        5.6948814406178059e+00, 9.6813314391333876e+00,
        -1.3657271697532791e-01, 2.2746545620712375e+00,
        8.9979475567520399e+00, 1.3669583244769612e+00,
        3.0502557356541309e+00, 1.0289539663380419e+01,
        -2.9034864602725579e+00, 6.6324799416145135e+00,
        9.6629080356088703e+00, -5.1123635389429882e+00,
        3.6413608636845267e+00, 1.1380465054141734e+01,
        -1.1482062101956054e+00, 3.7111953165702851e+00,
        7.3082827446383707e+00, -2.5542590357233217e+00,
        3.4488845736905218e+00, 1.0663058298373002e+01,
        -3.6814354781432401e+00, 1.8335873794848683e+00,
        6.9101985137704602e+00, -8.0907317628497815e+00,
        2.0222040782871722e+00, 8.1236231559188390e+00,
        -6.9058379367438372e-01, 3.5093328301454814e+00,
        5.5314759855656508e+00, -1.1879276410718898e+00,
        3.1515400959033357e+00, 4.8970573373446724e+00,
        -5.0289207340751343e+00, 2.7940631693364013e+00,
        6.5723778275952718e+00, 2.9274383408509547e-01,
        2.4380394785999004e+00, 9.5261727098150928e+00,
        -3.5665597443032144e+00, 3.8655330147946443e+00,
        1.0471295531691156e+01, -3.3260224027469785e+00,
        7.7677477086624096e+00, 1.0212029732895370e+01,
        -4.5307786313190892e+00, 2.1510131900738072e+00,
        1.1161202516418363e+01, -1.3923970380131760e+01,
        1.3553887828728370e+00, 1.0244471437813557e+01,
        -8.3319143913060234e+00, 4.9761348635215823e+00,
        6.3512266885504829e+00, -3.7154547024416251e+00,
        2.2581592716354852e+00, 1.1159594288577887e+01,
        7.0957110082028318e-01, 5.3620830456538702e+00,
        8.5250134807530333e+00, -1.2248317568558029e+00,
        3.2462616285619332e+00, 9.4008506381678423e+00,
        -1.2154942708358513e+01, -2.4623441171404942e-01,
        7.3288479527180739e+00, -8.8626639704982080e-01,
        2.8692236513283058e+00, 7.3957783306290601e+00,
        -3.4844780728454303e+00, 3.2843214984479330e+00,
        1.1130892868464905e+01, -8.1615139432270585e+00,
        5.4164850358912204e+00, 5.8357892298444227e+00 ] }
