%YAML:1.0
---
CameraMatrixData: { mtx:!!opencv-matrix
    rows: 3
    cols: 3
    dt: d
    data: [ 6.3549504891876052e+02, 0., 3.0606750374387474e+02, 0.,
        6.3531646306046855e+02, 2.6651930094875325e+02, 0., 0., 1. ],
    dist:!!opencv-matrix
    rows: 1
    cols: 5
    dt: d
    data: [ 9.1334373030251395e-02, -3.8784130179637855e-01,
        8.3290658309079692e-03, -3.1500332145167039e-03,
        3.0487195779445048e-01 ], rvecs:!!opencv-matrix
    rows: 46
    cols: 3
    dt: d
    data: [ 4.5100827065457802e-02, -3.1290164056417075e-01,
        -1.5812977388867704e+00, -1.3203364108961635e-01,
        -6.6978686800870796e-02, -1.5719811790822322e+00,
        -2.9777972534552755e-01, 7.4331377634494822e-02,
        -1.6896789738476432e+00, 6.0804709363222506e-02,
        -2.9098210986553913e-01, -1.4955521258842734e+00,
        7.0961273152179608e-02, -3.2124439410074229e-01,
        -1.5889130207806703e+00, -3.6301692371482652e-01,
        -1.7951000570784736e-01, -1.5681489043079240e+00,
        -3.8211156156144017e-02, -8.2468649090797416e-02,
        -1.5990068211610746e+00, 3.4576925682643755e-02,
        -2.7811754799540833e-01, -1.5595629477229951e+00,
        -6.1637437512885995e-01, -5.6154412592190717e-01,
        -1.4724363732029906e+00, -3.7132374951916369e-01,
        3.7234101228460791e-02, -1.6914491115941304e+00,
        -6.2578952946519661e-02, -7.3963680544475538e-02,
        -1.5618009950560920e+00, -3.5136475970480979e-01,
        2.3680595142946438e-02, -1.6849538331305964e+00,
        -4.0181665328956212e-01, 5.0004202658838967e-02,
        -1.7213688086506798e+00, 8.9809153777867662e-02,
        -3.1252290513672493e-01, -1.4621652411527486e+00,
        8.2574862032574400e-02, -2.7331086269093385e-01,
        -1.4643836348042980e+00, -2.4853440375178348e-01,
        -1.4181365879198476e-02, -1.6118226882264834e+00,
        -1.0426729838880465e-01, -7.6032988651757172e-02,
        -1.5814978680348277e+00, -3.5874271110740552e-01,
        1.6898717389019009e-02, -1.6588703912347396e+00,
        -4.6790437222187391e-02, -6.4557800959480244e-02,
        -1.5702795541901440e+00, 3.7239387770710425e-02,
        -2.8478676692561272e-01, -1.5748324267975433e+00,
        -2.9186904523259005e-01, 6.0703705846589281e-02,
        -1.6946776145962807e+00, -1.2864827846532628e-01,
        -5.4107749536860032e-02, -1.5670520474880005e+00,
        -3.2145460070024701e-01, 3.1617465171873207e-02,
        -1.6732356799179597e+00, 5.6464963440913796e-01,
        -5.2936498010801725e-01, -1.4785070297431164e+00,
        -5.2308908074399607e-01, 5.5944120663060282e-01,
        -1.5597958193478494e+00, -4.0856264752156785e-01,
        6.8142124365129939e-02, -1.7248040817443633e+00,
        -1.2780360579456956e-01, -6.2912190617587987e-02,
        -1.5706116586537451e+00, -4.7591681895419058e-01,
        -1.9761914524486646e-01, -1.5485764869778611e+00,
        -2.7460547722361489e-01, -1.0615254297412396e-02,
        -1.6366704924762197e+00, -2.8936831027059584e-01,
        -2.5660803134999372e-02, -1.6478476003243421e+00,
        4.9447432671846259e-02, -3.0246996987172597e-01,
        -1.5257767613719289e+00, 6.1539755175585825e-02,
        -2.9219181814189027e-01, -1.5163617101288145e+00,
        -3.0199191486002058e-01, 4.4662032941829508e-02,
        -1.6724830320165032e+00, -1.4545191779204711e-01,
        -3.1504438803077545e-02, -1.5394530183593029e+00,
        -3.7143781655784081e-03, -7.6113669759341529e-02,
        -1.5016639438753396e+00, -5.2087653225776898e-01,
        5.6207885593756901e-01, -1.5589959801478432e+00,
        7.6628815881757031e-02, -2.9926352065483425e-01,
        -1.4758240830582072e+00, -2.4400605200026651e-01,
        -1.9141684145424592e-02, -1.5930259826640809e+00,
        5.5620761697270260e-02, -2.9809036158389268e-01,
        -1.5423536490667840e+00, -9.1648347615461159e-02,
        -1.1120721334924964e-01, -1.5511338994324679e+00,
        -7.1944795585240001e-02, -1.0809495350072731e-01,
        -1.5406831807818913e+00, 9.6414936408025023e-02,
        -2.9926711521412230e-01, -1.4630627917258372e+00,
        -3.9327842297721634e-02, -7.6659342368105413e-02,
        -1.5936134892479004e+00, -2.4183839428623910e-01,
        -1.8082767671359296e-01, -1.5316175344218859e+00,
        -2.7757785256179457e-01, -2.7807942654199832e-02,
        -1.6776510109146752e+00, 6.0277508610765994e-02,
        -3.3936020300905873e-01, -1.5874302556796944e+00 ],
    tvecs:!!opencv-matrix
    rows: 46
    cols: 3
    dt: d
    data: [ -8.6570215844691401e+00, 7.0696611126766875e+00,
        2.7427534842343515e+01, -1.3966497744155240e+00,
        -3.6729414044556017e+00, 3.3946076668679808e+01,
        -2.4012131898801354e+00, 2.7710228260174148e+00,
        3.1239392440031438e+01, -3.1744266982376708e+00,
        6.1624377284341048e+00, 2.6087690211014554e+01,
        -1.0474912224153123e+01, 7.0289053345803696e+00,
        2.6892204748661012e+01, 5.8605102719847260e+00,
        8.6152771506721653e+00, 3.4001599420377673e+01,
        -7.7478977071118136e+00, -3.6103843540558125e+00,
        3.6650975418904331e+01, -6.9032660386998081e+00,
        7.1079456727805308e+00, 2.6456234744141451e+01,
        -4.6450695938072633e+00, 2.5012876729121092e+00,
        1.3509674176610467e+01, -9.3791280389896770e+00,
        7.5630793303325667e+00, 3.2003098641870260e+01,
        -3.7968045943318112e+00, -3.5418241333023244e+00,
        3.4864836346341662e+01, -7.9184674511991497e+00,
        7.2522336197842785e+00, 3.1512556310455864e+01,
        -1.0891914319832296e+01, 8.0482498537437923e+00,
        3.2719887849652096e+01, -1.5288215509296923e+00,
        6.0647703792812830e+00, 2.6036267603334906e+01,
        9.7194866125916726e-02, 6.1108181771805041e+00,
        2.6340859588939946e+01, 1.5454710762474611e+00,
        -2.2855709881232649e+00, 3.2526977634135882e+01,
        -2.6449519716462184e+00, -3.6593195105862750e+00,
        3.4416369377058636e+01, -5.7130376937953384e+00,
        6.8389980756764652e+00, 3.1023173067711745e+01,
        -4.9539036180470806e+00, -3.5741055738234149e+00,
        3.5391678883308231e+01, -7.8405932153558506e+00,
        7.1481296858228873e+00, 2.6833531015527388e+01,
        -2.8859576639591440e+00, 3.5315122260467726e+00,
        3.1308013090483207e+01, 1.7340475179648254e+00,
        -3.6515035425745808e+00, 3.2845469100538061e+01,
        -4.3964373980082634e+00, 5.4361165944332432e+00,
        3.1373060908405346e+01, -5.1712192768771867e+00,
        3.0199647265391443e+00, 1.3635330637792840e+01,
        -2.0317794807209406e+00, 3.5222684995351812e+00,
        2.0226700136367835e+01, -1.2276046973978280e+01,
        9.0098521405804739e+00, 3.3161179920991138e+01,
        2.8991809221842815e-02, -3.5301969086328144e+00,
        3.3467028587607530e+01, -5.9352209837577803e+00,
        1.1072689048286152e+01, 3.9305219441895467e+01,
        8.8451610481455212e-01, -1.1979729844557889e+00,
        3.2624665799700907e+01, 2.6557397309021880e-01,
        -3.7003563119515298e-01, 3.2602121928264829e+01,
        -4.8356606724571103e+00, 6.3313724009039491e+00,
        2.6484802079588906e+01, -4.0234737747329543e+00,
        6.2880395050181210e+00, 2.6301956993406012e+01,
        -3.3826026509751230e+00, 4.1939214039980532e+00,
        3.1511478303584397e+01, 3.3286191051513243e+00,
        -3.8204521234398658e+00, 3.2164519960261160e+01,
        -6.1640918424635842e+00, 2.2988937913971603e+00,
        1.8056501320645957e+01, -2.1209654662483297e+00,
        3.5533324627205127e+00, 2.0251389290689957e+01,
        -2.3696542601142272e+00, 6.1818373624618390e+00,
        2.6048108467600706e+01, 2.2906672870706211e+00,
        -4.1976773760528667e+00, 3.2532824561331083e+01,
        -5.7408365122058411e+00, 6.4254640513141004e+00,
        2.6638910932111092e+01, -1.1230251627992933e+00,
        4.4501837389089678e+00, 2.9445675487052963e+01,
