%YAML:1.0
---
aPoints:
   - [ 1039., 586. ]
   - [ 727., 578. ]
   - [ 531., 721. ]
   - [ 1045., 739. ]
matH: !!opencv-matrix
   rows: 3
   cols: 3
   dt: d
   data: [ 4.4459986456409628e-01, -2.3353060704689255e+00,
       3.7557599246948450e+02, 6.4009530302590059e-02,
       -3.7674534023566619e+00, 1.6102476862534018e+03,
       3.3584701885033474e-05, -2.8986555242108583e-03, 1. ]
widthOut: 1920
heightOut: 1080
